103    0
105    0
106    0
108    0
109    0
111    0
112    0
114    0
115    0
117    0
118    0
120    0
121    0
123    0
124    0
126    0
127    0
129    0
130    0
201    0
202    0
204    0
205    0
207    0
208    0
210    0
211    0
213    0
214    0
216    0
217    0
219    0
220    0
222    0
223    0
225    0
226    0
228    0
301    0
303    0
304    0
306    0
307    0
309    0
310    0
312    0
313    0
315    0
316    0
318    0
319    0
321    0
322    0
324    0
325    0
327    0
329    0
331    0
401    0
403    0
404    0
406    0
407    0
409    0
410    0
412    0
413    0
415    0
416    0
418    0
419    0
421    0
422    0
424    0
425    0
427    0
428    0
430    0
501    0
503    0
504    0
506    0
507    0
509    0
510    0
512    0
513    0
515    0
516    0
518    0
519    0
521    0
522    0
524    0
525    0
527    0
528    0
530    0
531    0
602    0
603    0
605    0
606    0
608    0
609    0
611    0
612    0
614    0
615    0
617    0
618    0
620    0
621    0
623    0
624    0
626    0
627    0
629    0
630    0
702    0
703    0
705    0
706    0
708    0
709    0
711    0
712    0
714    0
715    0
717    0
718    0
720    0
721    0
723    0
724    0
726    0
727    0
729    0
730    0
801    0
802    0
804    0
805    0
807    0
808    0
810    0
811    0
813    0
814    0
816    0
817    0
819    0
820    0
822    0
825    0
828    0
831    0
903    0
906    0
909    0
912    0
915    0
918    0
921    0
924    0
927    0
930    0
1003    0
1006    0
1009    0
1012    0
1015    0
1018    0
1021    0
1024    0
1026    0
1029    0
1101    0
1104    0
1107    0
1110    0
1113    0
1116    0
1119    0
1122    0
1125    0
1128    0
1201    0
1204    0
1207    0
1210    0
1213    0
1216    0
1219    0
1222    0
1225    0
1228    0
1231    0
31029    3
31203    3
420309    46
750711    87
870705    80
920723    91
970729    98
980717    97
1000418    93
1120518    123
1370430    144
2031104    229
2161101    203
2220116    208
2300917    228
2360414    223
2360619    248
2690713    310
2750311    296
2810809    262
2890728    293
3281113    393
3581130    377
3750210    379
3761208    362
3880207    375
3911022    385
3931116    437
4070219    419
4400507    428
4490513    442
4530505    446
4540520    436
4561227    422
4580410    441
4631221    438
4900823    515
5230419    482
5471122    795
5630223    611
5710905    603
6080621    593
6270724    620
6310709    624
6340715    621
6620606    661
6640725    661
6650628    651
6901219    685
7151231    732
7320103    807
7810208    680
7951125    814
8000202    814
8851216    690
11130324    927
12570318    967
12870306    1279
13330503    1447
17800518    1783
18290515    1780
20090102    0
20100823    0
20100826    0
20100829    0
20100901    0
20100904    0
20100907    0
20100910    0
20100913    0
20100916    0
20100919    0
20100922    0
20100925    0
20100928    0
20101001    0
20101004    0
20101007    0
20101010    0
20101013    0
20101016    0
20101019    0
20101022    0
20101025    0
20101028    0
20101031    0
20101102    0
20101105    0
20101108    0
20101111    0
20101114    0
20101117    0
20101120    0
20101123    0
20101126    0
20101129    0
20101202    0
20101205    0
20101208    0
20101211    0
20101214    0
20101217    0
20101220    0
20101223    0
20101226    0
20101229    0
20110101    0
20110104    0
20110107    0
20110110    0
20110113    0
20110116    0
20110119    0
20110122    0
20110125    0
20110128    0
20110131    0
20110203    0
20110206    0
20110209    0
20110212    1
20110215    1
20110218    1
20110221    0
20110224    0
20110227    0
20110302    0
20110305    0
20110308    0
20110311    0
20110314    0
20110317    0
20110320    0
20110323    0
20110326    0
20110330    0
20110402    0
20110405    0
20110408    0
20110411    0
20110414    0
20110417    1
20110420    1
20110423    1
20110426    1
20110429    2
20110502    3
20110505    3
20110508    3
20110511    5
20110514    8
20110517    8
20110520    7
20110523    6
20110526    7
20110529    8
20110601    9
20110604    15
20110607    19
20110610    32
20110613    24
20110616    19
20110619    17
20110622    15
20110625    16
20110628    17
20110701    17
20110704    15
20110707    16
20110710    15
20110713    14
20110716    14
20110719    13
20110722    13
20110725    14
20110728    14
20110731    14
20110803    13
20110806    11
20110809    9
20110812    10
20110815    11
20110818    11
20110821    11
20110824    11
20110827    10
20110830    9
20110902    8
20110905    8
20110908    7
20110911    6
20110914    6
20110917    5
20110920    5
20110923    5
20110926    5
20110929    4
20111002    5
20111005    5
20111008    4
20111011    4
20111014    4
20111017    3
20111020    2
20111023    3
20111026    3
20111031    3
20111103    3
20111106    3
20111109    3
20111112    3
20111115    2
20111118    2
20111121    2
20111124    2
20111127    2
20111130    3
20111206    3
20111209    3
20111212    3
20111215    3
20111218    3
20111221    4
20111224    4
20111227    4
20111230    4
20120102    5
20120105    6
20120108    7
20120111    7
20120114    6
20120117    6
20120120    6
20120123    6
20120126    6
20120129    5
20120201    5
20120204    5
20120207    5
20120210    5
20120213    5
20120216    4
20120219    4
20120222    4
20120225    5
20120228    4
20120302    4
20120305    5
20120308    4
20120311    4
20120314    5
20120317    5
20120320    4
20120323    4
20120327    4
20120330    4
20120402    4
20120405    4
20120408    4
20120411    4
20120414    4
20120417    4
20120420    5
20120423    5
20120426    5
20120429    5
20120502    5
20120505    5
20120508    5
20120511    5
20120514    5
20120517    5
20120520    5
20120523    5
20120526    5
20120529    5
20120601    5
20120604    5
20120607    5
20120610    5
20120613    5
20120616    6
20120619    6
20120622    6
20120625    6
20120628    6
20120701    6
20120704    6
20120707    6
20120710    6
20120713    7
20120716    7
20120719    9
20120722    9
20120725    8
20120728    8
20120731    9
20120803    10
20120806    11
20120809    11
20120812    11
20120815    12
20120818    15
20120821    10
20120824    10
20120827    10
20120830    11
20120902    10
20120905    10
20120908    11
20120911    11
20120914    11
20120917    11
20120920    12
20120923    12
20120926    12
20120929    12
20121002    12
20121005    13
20121008    12
20121011    12
20121014    12
20121017    11
20121020    11
20121023    11
20121026    11
20121028    10
20121031    11
20121103    10
20121106    10
20121109    11
20121112    11
20121115    11
20121118    11
20121121    11
20121124    12
20121127    12
20121130    12
20121203    12
20121206    13
20121209    13
20121212    13
20121215    13
20121218    13
20121221    13
20121224    13
20121227    13
20121230    13
20130102    13
20130105    13
20130108    13
20130111    14
20130114    14
20130117    15
20130120    16
20130123    17
20130126    17
20130129    19
20130201    21
20130204    20
20130207    22
20130210    23
20130213    24
20130216    27
20130219    29
20130222    30
20130225    30
20130228    33
20130303    34
20130306    42
20130312    44
20130315    46
20130318    52
20130321    70
20130324    71
20130327    88
20130330    92
20130403    117
20130406    142
20130409    186
20130412    124
20130415    100
20130421    127
20130424    142
20130427    137
20130503    103
20130506    115
20130509    113
20130512    115
20130515    112
20130521    122
20130524    126
20130527    133
20130530    132
20130602    129
20130605    121
20130608    111
20130611    106
20130614    103
20130617    99
20130620    107
20130623    108
20130626    103
20130629    94
20130702    87
20130708    75
20130714    98
20130720    92
20130726    97
20130801    106
20130804    104
20130807    106
20130810    102
20130813    106
20130816    98
20130819    99
20130822    110
20130825    109
20130828    117
20130831    124
20130903    130
20130906    122
20130909    118
20130912    126
20130915    124
20130918    139
20130921    123
20130924    122
20130927    124
20130930    127
20131003    103
20131006    121
20131009    124
20131012    127
20131015    135
20131018    143
20131021    186
20131024    203
20131027    179
20131029    216
20131107    291
20131110    328
20131119    547
20131128    1014
20131201    955
20131204    1136
20131207    705
20131210    978
20131213    885
20131222    614
20131225    679
20131228    715
20140106    915
20140109    826
20140112    844
20140115    841
20140118    811
20140121    824
20140124    780
20140127    747
20140130    800
20140205    781
20140211    675
20140214    670
20140217    629
20140220    563
20140226    585
20140301    567
20140304    673
20140307    631
20140310    629
20140313    641
20140316    634
20140319    611
20140322    563
20140325    585
20140328    499
20140401    457
20140404    448
20140407    458
20140413    423
20140416    523
20140422    498
20140425    502
20140428    438
20140501    452
20140504    440
20140510    449
20140516    446
20140519    446
20140522    493
20140525    527
20140528    572
20140531    621
20140603    662
20140609    657
20140612    624
20140615    572
20140618    608
20140624    588
20140627    577
20140630    599
20140703    650
20140706    631
20140712    634
20140718    625
20140721    627
20140727    595
20140730    585
20140802    595
20140805    588
20140808    585
20140811    590
20140814    549
20140817    523
20140820    490
20140826    501
20140829    506
20140901    478
20140904    474
20140907    479
20140910    473
20140913    474
20140916    470
20140919    425
20140922    401
20140925    423
20140928    400
20141001    390
20141004    358
20141007    327
20141010    363
20141013    380
20141016    394
20141019    391
20141025    358
20141027    350
20141030    345
20141102    324
20141105    338
20141108    346
20141111    369
20141114    399
20141117    388
20141120    356
20141123    367
20141126    366
20141129    375
20141202    379
20141205    376
20141211    348
20141214    357
20141217    321
20141220    331
20141223    336
20141226    329
20141229    313
20150101    314
20150104    263
20150107    297
20150110    275
20150113    222
20150119    216
20150122    233
20150125    254
20150128    236
20150131    219
20150203    227
20150206    222
20150209    219
20150212    222
20150215    234
20150218    237
20150221    245
20150224    239
20150227    252
20150302    275
20150305    273
20150308    275
20150314    282
20150317    284
20150320    262
20150323    265
20150326    249
20150330    242
20150402    246
20150405    253
20150408    253
20150411    236
20150417    227
20150420    222
20150423    233
20150426    226
20150429    225
20150502    230
20150505    238
20150508    237
20150511    239
20150514    235
20150517    236
20150520    231
20150523    238
20150526    235
20150529    236
20150601    228
20150604    225
20150607    224
20150610    228
20150613    229
20150616    236
20150622    243
20150625    240
20150628    251
20150701    262
20150704    256
20150707    268
20150710    269
20150716    285
20150719    276
20150722    276
20150725    289
20150731    288
20150803    282
20150806    281
20150812    270
20150815    265
20150818    256
20150821    235
20150824    228
20150827    225
20150830    229
20150902    227
20150905    230
20150908    240
20150911    238
20150914    230
20150920    230
20150923    230
20150926    235
20150929    239
20151002    238
20151005    238
20151008    243
20151011    245
20151014    249
20151017    262
20151020    263
20151023    274
20151025    282
20151028    304
20151031    310
20151103    404
20151106    373
20151109    380
20151112    340
20151115    318
20151118    333
20151121    326
20151124    319
20151127    358
20151203    361
20151206    387
20151209    416
20151212    436
20151215    463
20151218    463
20151224    456
20151230    428
20160102    432
20160105    432
20160108    452
20160111    447
20160114    429
20160117    380
20160120    420
20160123    385
20160126    391
20160129    378
20160201    371
20160204    388
20160213    389
20160216    407
20160222    436
20160225    423
20160228    431
20160302    422
20160305    399
20160308    412
20160311    420
20160314    414
20160317    418
20160320    411
20160323    417
20160326    416
20160330    415
20160402    416
20160405    419
20160408    419
20160411    420
20160414    423
20160417    430
20160420    435
20160423    447
20160426    462
20160429    449
20160502    453
20160508    459
20160511    450
20160514    455
20160517    454
20160523    438
20160526    448
20160529    526
20160601    531
20160604    567
20160607    583
20160610    574
20160613    665
20160616    693
20160619    751
20160622    664
20160625    665
20160701    667
20160704    656
20160707    673
20160710    647
20160713    664
20160716    663
20160719    673
20160722    664
20160728    655
20160731    654
20160803    530
20160806    572
20160809    591
20160812    586
20160815    567
20160818    570
20160821    577
20160824    581
20160827    577
20160830    571
20160902    571
20160908    615
20160911    621
20160914    608
20160917    607
20160920    608
20160923    594
20160926    598
20160929    603
20161002    612
20161005    607
20161008    614
20161011    614
20161014    634
20161017    638
20161020    627
20161023    653
20161026    651
20161029    685
20161031    697
20161103    683
20161106    709
20161109    721
20161112    702
20161115    711
20161118    748
20161121    736
20161124    735
20161127    727
20161130    742
20161203    762
20161206    758
20161209    769
20161212    777
20161215    775
20161218    788
20161221    834
20161224    892
20161227    930
20161230    958
20170102    1013
20170105    999
20170108    910
20170111    780
20170114    819
20170117    906
20170120    895
20170123    919
20170126    915
20170129    912
20170201    983
20170204    1034
20170207    1052
20170210    997
20170213    1001
20170216    1035
20170219    1050
20170222    1130
20170225    1150
20170228    1190
20170303    1287
20170309    1192
20170312    1227
20170315    1257
20170321    1113
20170328    1041
20170331    1034
20170403    1079
20170406    1133
20170409    1184
20170412    1219
20170415    1170
20170418    1176
20170421    1236
20170424    1240
20170427    1288
20170430    1333
20170506    1518
20170509    1651
20170512    1829
20170521    2008
20170524    2256
20170527    2279
20170530    2290
20170602    2409
20170605    2529
20170608    2683
20170611    2898
20170614    2706
20170620    2600
20170626    2502
20170629    2558
20170702    2421
20170705    2598
20170708    2502
20170711    2327
20170714    2338
20170717    1910
20170720    2265
20170723    2825
20170726    2564
20170729    2784
20170801    2862
20170804    2790
20170810    3340
20170813    3868
20170816    4179
20170819    4104
20170822    3986
20170825    4331
20170828    4339
20170831    4582
20170903    4585
20170906    4385
20170909    4312
20170912    4198
20170915    3216
20170918    3678
20170921    3894
20170924    3777
20170927    3881
20171003    4394
20171006    4318
20171009    4605
20171012    4822
20171015    5825
20171018    5594
20171021    5986
20171024    5900
20171027    5889
20171029    6136
20171101    6751
20171104    7365
20171107    7128
20171110    6569
20171113    6493
20171116    7868
20171119    8049
20171122    8236
20171125    8768
20171128    9919
20171204    11591
20171207    16860
20171210    15068
20171213    16252
20171216    19279
20171219    17382
20171222    13776
20171225    13740
20171228    14214
20171231    13796
20180106    17155
20180109    14437
20180112    13791
20180115    13554
20180118    11174
20180121    11513
20180124    11392
20180127    11431
20180130    10082
20180202    8852
20180205    6925
20180208    8245
20180211    8068
20180214    9471
20180217    11085
20180220    11245
20180223    10171
20180226    10319
20180301    10931
20180304    11516
20180307    9920
20180310    8777
20180313    9153
20180316    8297
20180319    8605
20180322    8725
20180326    8457
20180329    7950
20180401    6937
20180404    7426
20180407    6634
20180410    6784
20180413    7941
20180416    8368
20180419    8175
20180422    8930
20180425    9658
20180428    8928
20180501    9239
20180504    9753
20180507    9631
20180510    9310
20180513    8463
20180516    8471
20180519    8239
20180522    8396
20180525    7576
20180528    7344
20180531    7386
20180603    7637
20180606    7619
20180609    7615
20180612    6879
20180615    6637
20180618    6445
20180621    6760
20180624    6170
20180627    6097
20180630    6223
20180703    6626
20180706    6555
20180709    6724
20180712    6403
20180715    6248
20180718    7321
20180721    7334
20180724    7715
20180727    7939
20180730    8220
20180802    7607
20180805    7011
20180808    6718
20180811    6138
20180814    6252
20180817    6312
20180820    6486
20180823    6354
20180826    6738
20180829    7078
20180901    7018
20180904    7265
20180907    6501
20180910    6240
20180913    6326
20180916    6522
20180919    6342
20180922    6756
20180925    6583
20180928    6686
20181001    6611
20181004    6483
20181007    6573
20181010    6626
20181013    6247
20181019    6509
20181022    6504
20181025    6489
20181028    6457
20181030    6301
20181102    6390
20181105    6437
20181108    6444
20181111    6408
20181114    5756
20181117    5572
20181120    4491
20181123    4352
20181126    3793
20181129    4278
20181202    4140
20181205    3744
20181208    3453
20181211    3407
20181214    3242
20181217    3556
20181220    4135
20181223    3995
20181226    3848
20181229    3770
20190101    3855
20190104    3856
20190107    4032
20190110    3646
20190113    3531
20190116    3621
20190119    3703
20190122    3587
20190125    3577
20190128    3448
20190131    3444
20190203    3456
20190206    3405
20190209    3664
20190212    3632
20190215    3608
20190218    3910
20190221    3944
20190224    3766
20190227    3833
20190302    3831
20190305    3872
20190308    3875
20190311    3881
20190314    3885
20190317    3994
20190320    4056
20190323    4011
20190326    3947
20190329    4115
20190402    4152
20190405    4911
20190408    5189
20190411    5310
20190414    5064
20190417    5196
20190420    5277
20190423    5377
20190426    5195
20190429    5301
20190502    5326
20190505    5771
20190508    5755
20190511    6348
20190514    7823
20190517    7885
20190520    8193
20190523    7625
20190526    8071
20190529    8719
20190601    8553
20190604    8134
20190607    7803
20190610    7640
20190613    8173
20190616    8859
20190619    9076
20190622    10209
20190625    11017
20190628    11132
20190701    10737
20190704    11984
20190707    11232
20190710    12586
20190713    11803
20190716    10873
20190719    10638
20190722    10587
20190725    9772
20190728    9473
20190731    9589
20190803    10529
20190806    11787
20190809    11996
20190812    11566
20190815    10016
20190818    10214
20190821    10760
20190824    10405
20190827    10360
20190830    9484
20190902    9769
20190905    10584
20190908    10487
20190911    10101
20190914    10363
20190917    10265
20190920    10275
20190923    10033
20190926    8432
20190929    8225
20191005    8155
20191008    8212
20191011    8586
20191014    8283
20191017    8002
20191020    7960
20191023    8026
20191026    8666
20191028    9218
20191031    9147
20191103    9206
20191106    9343
20191109    8809
20191112    8801
20191115    8457
20191118    8175
20191121    7617
20191124    6907
20191127    7523
20191130    7557
20191203    7296
20191206    7547
20191209    7337
20191212    7189
20191215    7111
20191218    7284
20191221    7143
20191224    7250
20191227    7243
20191230    7219
20200102    6944
20200105    7351
20200108    8042
20200111    8021
20200114    8842
20200117    8900
20200120    8626
20200123    8388
20200126    8588
20200129    9279
20200201    9378
20200204    9162
20200207    9807
20200210    9854
20200213    10242
20200216    9937
20200219    9604
20200222    9669
20200225    9309
20200228    8712
20200302    8912
20200305    9067
20200308    8039
20200311    7936
20200314    5166
20200317    5357
20200320    6226
20200323    6502
20200326    6763
20200330    5885
20200402    6652
20200405    6871
20200408    7205
20200411    6873
20200414    6857
20200417    7112
20200420    7130
20200423    7130
20200426    7549
20200429    7765
20200502    8824
20200505    8885
20200508    10002
20200511    8754
20200514    9305
20200517    9385
20200520    9785
20200523    9167
20200526    8899
20200529    9569
20200601    9450
20200604    9658
20200607    9670
20200610    9775
20200613    9459
20200616    9426
20200619    9380
20200622    9284
20200625    9276
20200628    9004
20200701    9133
20200704    9072
20200707    9348
20200710    9238
20200713    9295
20200716    9193
20200719    9174
20200722    9392
20200725    9551
20200728    11042
20200731    11114
20200803    11077
20200806    11750
20200809    11767
20200812    11392
20200815    11774
20200818    12293
20200821    11865
20200824    11653
20200827    11467
20200830    11481
20200902    11923
20200905    10467
20200908    10367
20200911    10352
20200914    10330
20200917    10948
20200920    11081
20200923    10532
20200926    10692
20200929    10692
20201002    10619
20201005    10673
20201008    10670
20201011    11302
20201014    11428
20201017    11327
20201020    11758
20201023    12990
20201025    13036
20201028    13289
20201103    14023
20201106    15595
20201109    15328
20201112    16295
20201115    15968
20201118    17798
20201121    18699
20201124    19172
20201127    17138
20201130    19709
20201203    19454
20201206    19377
20201209    18554
20201212    18803
20201215    19439
20201218    23150
20201221    22745
20201224    23715
20201227    26246
20201230    28856
20210102    32195
20210105    34046
20210108    40670
20210111    35544
20210114    39158
20210117    35793
20210120    35538
20210123    32099
20210126    32541
20210129    34314
20210201    33522
20210204    37002
20210207    38928
20210210    44878
20210213    47185
20210216    49160
20210219    55916
20210222    54123
20210225    46800
20210228    45113
20210303    50477
20210306    48881
20210309    54881
20210312    57253
20210315    55754
20210318    57665
20210321    57411
20210324    52508
20210327    55863
20210331    58730
20210403    59031
20210406    59054
20210409    58048
20210412    59964
20210415    62969
20210418    60087
20210421    56507
20210424    51153
20210427    54056
20210430    53584
20210503    56610
20210506    57473
20210509    58928
20210512    56750
20210518    43596
20210521    40784
20210524    34754
20210527    39266
20210530    34647
20210602    36662
20210605    36885
20210608    33514
20210611    36704
20210614    39066
20210617    38324
20210620    35524
20210623    32447
20210626    31640
20210629    34456
20210702    33536
20210705    35309
20210708    33839
20210711    33515
20210714    32686
20210717    31421
20210720    30815
20210723    32297
20210726    35365
20210729    40002
20210801    41659
20210804    38138
20210810    46333
20210813    44417
20210816    47056
20210819    44777
20210822    48932
20210825    47744
20210828    49056
20210831    47074
20210903    49329
20210906    51769
20210909    46078
20210912    45144
20210915    47072
20210918    47263
20210921    42901
20210924    44888
20210927    43182
20210930    41522
20211003    47727
20211006    51505
20211009    53867
20211012    57452
20211015    57397
20211018    61546
20211021    66063
20211024    61277
20211027    60345
20211030    62249
20211101    61029
20211104    61441
20211107    63293
20211110    64976
20211113    64420
20211116    60172
20211119    58133
20211122    56301
20211125    58935
20211128    57292
20211201    57229
20211204    49253
20211207    50645
20211210    47137
20211213    46757
20211216    47658
20211219    46689
20211222    48628
20211225    50470
20211228    47601
20211231    46249
20220103    46441
20220106    43120
20220109    41864
20220112    43926
20220118    42381
20220121    36480
20220124    36678
20220127    37146
20220130    37918
20220202    36912
20220205    41435
20220208    44133
20220211    42401
20220214    42580
20220217    40565
20220220    38382
20220223    37291
20220226    39103
20220301    44418
20220304    39141
20220307    38032
20220310    39437
20220313    37820
20220316    41133
20220319    42222
20220322    42372
20220325    44334
20220329    47115
26000623    2713
27060617    2477
27900807    3210
38810930    4164
62471016    6599
82251002    8322
99191201    10879
132891031    13810
137960103    15039
381380807    42825
439260115    43146
567500515    49922
103    0
105    0
106    0
108    0
109    0
111    0
112    0
114    0
115    0
117    0
118    0
120    0
121    0
123    0
124    0
126    0
127    0
129    0
130    0
201    0
202    0
204    0
205    0
207    0
208    0
210    0
211    0
213    0
214    0
216    0
217    0
219    0
220    0
222    0
223    0
225    0
226    0
228    0
301    0
303    0
304    0
306    0
307    0
309    0
310    0
312    0
313    0
315    0
316    0
318    0
319    0
321    0
322    0
324    0
325    0
327    0
329    0
331    0
401    0
403    0
404    0
406    0
407    0
409    0
410    0
412    0
413    0
415    0
416    0
418    0
419    0
421    0
422    0
424    0
425    0
427    0
428    0
430    0
501    0
503    0
504    0
506    0
507    0
509    0
510    0
512    0
513    0
515    0
516    0
518    0
519    0
521    0
522    0
524    0
525    0
527    0
528    0
530    0
531    0
602    0
603    0
605    0
606    0
608    0
609    0
611    0
612    0
614    0
615    0
617    0
618    0
620    0
621    0
623    0
624    0
626    0
627    0
629    0
630    0
702    0
703    0
705    0
706    0
708    0
709    0
711    0
712    0
714    0
715    0
717    0
718    0
720    0
721    0
723    0
724    0
726    0
727    0
729    0
730    0
801    0
802    0
804    0
805    0
807    0
808    0
810    0
811    0
813    0
814    0
816    0
817    0
819    0
820    0.07
822    0
825    0
828    0
831    0
903    0
906    0
909    0
912    0
915    0
918    0
921    0
924    0
927    0
930    0
1003    0
1006    0
1009    0
1012    0
1015    0
1018    0
1021    0
1024    0
1026    0
1029    0
1101    0
1104    0
1107    0
1110    0
1113    0
1116    0
1119    0
1122    0
1125    0
1128    0
1201    0
1204    0
1207    0
1210    0
1213    0
1216    0
1219    0
1222    0
1225    0
1228    0
1231    0
1501    0.06
1504    0.06
1507    0.06
1510    0.06
1513    0.06
1516    0.15
1522    0.06
1523    0.07
1525    0.06
1526    0.07
1528    0.06
1529    0.06
1601    0.06
1604    0.06
1607    0.06
1610    0.12
2016    0.12
2022    0.11
2125    0.18
2213    0.1
2219    0.1
2419    0.06
2828    0.19
2931    0.19
3002    0.21
3101    0.3
3104    0.3
3107    0.32
3205    0.25
3310    0.33
3413    0.42
3508    0.25
3514    0.3
3517    0.25
3608    0.36
3622    0.43
3705    0.23
3711    0.23
3720    0.27
3726    0.27
3920    0.29
3923    0.25
3929    0.3
4002    0.25
4023    0.29
4026    0.29
4029    0.28
4117    0.28
4119    0.35
4316    0.4
4425    0.43
4428    0.45
4631    0.61
4711    0.24
6303    0.78
8006    0.92
8014    0.99
8108    0.78
8211    0.76
8223    0.86
8402    0.8
8405    0.77
8926    0.9
9020    0.79
9024    0.96
9311    0.93
9317    0.87
9330    0.8
9409    0.97
9508    0.9
9614    0.9
9805    0.92
9827    0.96
9902    0.95
9912    1.09
10317    1.09
10621    0.88
11018    1.04
11115    1.08
11320    1.19
12323    1.38
14226    1.71
17529    2.66
24124    2.48
24821    2.3
25927    2.51
26230    3
26923    3.31
27102    3.95
27818    2.37
31029    3.39
31203    3.1
31509    3.09
31612    3.33
31809    3.04
32012    3.11
32206    3.06
32215    2.67
33218    3.36
33906    3.04
34126    3
34515    3.2
34821    4.08
34903    3.28
34931    3.38
36108    3.75
38011    5.41
39720    2.59
40005    3.56
41827    4.09
42024    4.06
42130    4.47
43314    4.37
44022    4.63
44717    3.87
44802    5.45
46525    5.05
47619    4.38
47730    4.85
48427    4.74
48902    4.97
48911    4.23
49414    4.97
49705    5.04
49811    4.9
49823    4.81
50008    4.94
50102    4.94
50105    4.96
50114    5.45
50117    4.99
50211    4.98
50320    5.19
50502    5.27
50617    5.1
50708    4.99
50728    4.98
50905    5.15
51308    4.79
51402    5.04
51511    5.1
51514    5.01
51520    5.14
51826    5.15
51923    5.13
52008    5.1
52029    5.09
52201    5.21
52323    5.3
52704    5.27
52720    5.89
53307    5.48
53426    5.16
53705    5.03
54320    4.95
54605    6.6
54614    8.56
54817    5.4
55410    5.68
55829    4.95
57116    4.74
57401    5.77
57413    5.76
57610    5.94
57904    5.99
58216    6.27
58926    5.49
59613    5.69
59823    5.8
60107    5.74
60929    5.72
62817    5.18
63319    6.48
64826    6.08
65422    6.8
65814    6.19
65823    6.47
66108    7.2
66228    6.58
66501    6.69
67604    6.71
67807    6.74
68110    6.98
68217    6.97
68625    6.56
68626    7.95
69820    6.57
70513    7.46
71114    6.81
72111    7.1
73323    6.81
75316    7.8
76211    6.49
78719    9.37
80029    8.68
85220    7.28
85505    8.56
86117    8.47
86508    7.53
87401    9.47
89828    8.95
90231    9.22
93003    10.12
94422    9.53
94902    8.46
95304    15.05
96025    8.91
97412    10.35
100930    9.4
102006    11.21
103327    10.99
104315    11.4
104505    10.59
105324    10.25
106808    11.27
107306    10.97
107931    11.17
110730    11.14
110809    11.04
111512    11.17
112302    10.36
112314    11.48
112803    10.62
112815    11.28
112909    11.35
113611    11.14
113918    11.82
114312    11.64
114721    11.75
114818    11.39
115009    9.66
115527    10.01
115717    11.98
116628    10.69
117215    12.3
118324    11.47
119321    11.9
119626    11.56
120124    12.46
120423    11.86
120720    12.63
120920    11.94
122017    11.99
122614    12.1
123329    12.46
123818    15.37
124926    12.24
125602    12.58
125727    12.5
126130    12.66
126805    13.07
126811    12.16
127223    12.4
127803    12.75
128706    13.69
131708    12.58
134305    13.54
134506    11.42
135221    13.63
135508    13.84
135727    13.51
135802    13.42
136330    13.57
136512    13.8
137524    13.45
138109    13.53
138511    14.31
138718    13.4
139215    13.75
140022    13.94
140125    14.16
141403    13.37
141731    14.06
142328    14.1
143214    14.34
143219    13.93
143517    15.53
145916    14.25
151107    19.19
152313    14.52
154521    10.45
154525    16.95
155420    16.15
158107    16.44
161623    17.97
165110    15.16
170128    17.89
174504    15.74
176622    15.39
177229    19.78
179601    17.38
179826    17.71
192510    32.34
198001    21.25
200519    17.6
210107    22.15
212704    20.99
221710    23.97
239913    24.3
243216    27.39
249316    19.99
274119    29.48
295022    30.52
304228    33.36
305425    30.4
324013    24.87
333903    34.25
342806    42
420309    46.93
443515    46.9
469318    52.12
469612    44.32
521521    70.25
702824    71.93
719627    88.8
750711    87.9
801108    75
870705    80.04
879714    98
888330    92.5
920626    97
920723    91.99
925403    117.34
939421    127.5
947202    87
970729    98.7
971220    92
980717    97.05
981619    99.3
987801    106.2
993822    110.43
999620    107.68
1.00042e+06    93.9
1.02881e+06    106.64
1.03351e+06    115.98
1.03951e+06    121.2
1.03953e+06    94.65
1.03962e+06    99.9
1.05031e+06    106.56
1.06161e+06    103.9
1.0628e+06    104.95
1.06641e+06    102.8
1.06722e+06    98.08
1.07742e+06    108.35
1.08413e+06    103.89
1.09123e+06    117.72
1.10512e+06    109.04
1.11561e+06    106.1
1.12052e+06    123.32
1.13401e+06    115.68
1.15732e+06    112
1.16031e+06    113.35
1.17381e+06    142.1
1.17803e+06    124.84
1.18271e+06    126.54
1.21301e+06    124.12
1.21481e+06    111.5
1.22072e+06    126.7
1.22721e+06    118.18
1.22743e+06    124.65
1.23132e+06    122.65
1.23372e+06    122.02
1.24142e+06    139.15
1.24221e+06    127.41
1.24743e+06    127.01
1.2493e+06    130.09
1.24942e+06    100
1.26632e+06    124.05
1.26753e+06    133.5
1.2711e+06    103.85
1.27512e+06    135.17
1.27542e+06    142.5
1.29360e+06    121.42
1.30181e+06    122.63
1.3236e+06    129.3
1.33553e+06    132.3
1.35272e+06    143.94
1.37043e+06    144.54
1.39242e+06    123.04
1.42141e+06    186.96
1.42543e+06    137
1.44042e+06    186.12
1.4459e+06    103.3
1.79663e+06    216
1.86222e+06    203.7
1.87001e+06    124.9
2.0311e+06    229.95
2.03803e+06    179.56
2.08142e+06    216.01
2.16022e+06    233.51
2.1611e+06    203
2.1927e+06    227.53
2.19951e+06    222.33
2.22012e+06    208.13
2.22352e+06    234.18
2.22381e+06    219.93
2.22652e+06    233.59
2.23052e+06    227.5
2.25051e+06    228.88
2.25123e+06    229.63
2.2525e+06    230.97
2.25461e+06    224.99
2.26333e+06    225.2
2.27542e+06    222.61
2.27551e+06    222.36
2.28060e+06    230.73
2.28223e+06    225.04
2.284e+06    225.4
2.28422e+06    230.25
2.28941e+06    229.6
2.29662e+06    236
2.2972e+06    227.97
2.30061e+06    291.02
2.30092e+06    228.33
2.30342e+06    230.42
2.30513e+06    235.22
2.30821e+06    240.47
2.31020e+06    238.25
2.31452e+06    238.8
2.33522e+06    254.32
2.33633e+06    226.29
2.34202e+06    237.44
2.35313e+06    239.14
2.35392e+06    228.14
2.35643e+06    236.44
2.36022e+06    236.63
2.36041e+06    223.01
2.36062e+06    248.26
2.36213e+06    219.25
2.365e+06    228.34
2.36682e+06    231.4
2.37211e+06    239.11
2.37462e+06    245.41
2.38130e+06    238.4
2.38301e+06    237.16
2.38501e+06    243.01
2.38853e+06    235.59
2.38901e+06    230
2.39161e+06    235.97
2.3924e+06    238.03
2.39963e+06    252.11
2.40263e+06    251.21
2.40561e+06    238.81
2.4238e+06    246.49
2.43111e+06    245.72
2.43612e+06    240.2
2.45432e+06    239.94
2.45821e+06    249.98
2.46530e+06    253.67
2.48322e+06    243.55
2.49263e+06    242.34
2.50082e+06    262.26
2.5128e+06    262.43
2.5214e+06    275.87
2.53711e+06    253.9
2.53941e+06    236
2.54333e+06    236.2
2.56191e+06    268.53
2.56742e+06    235.31
2.62132e+06    265.99
2.62301e+06    270.98
2.62362e+06    263.59
2.625e+06    256.12
2.63181e+06    297.99
2.63692e+06    274.35
2.66012e+06    256.66
2.66023e+06    249.23
2.68601e+06    269
2.69071e+06    310.55
2.71062e+06    265.93
2.73141e+06    275
2.74452e+06    282.8
2.75031e+06    296.56
2.75900e+06    273.11
2.75981e+06    222
2.76812e+06    276.76
2.76832e+06    289
2.81081e+06    262.22
2.82232e+06    284.48
2.82341e+06    281
2.82903e+06    304.79
2.84512e+06    262.1
2.85732e+06    276.74
2.8853e+06    282.26
2.89073e+06    293.93
2.91131e+06    328
2.94003e+06    288.45
2.96591e+06    282.2
2.98001e+06    275.97
3.04893e+06    310.18
3.1029e+06    404.5
3.10622e+06    285.66
3.1341e+06    314.81
3.1482e+06    263.17
3.19082e+06    333.66
3.19753e+06    358
3.21462e+06    331.52
3.24470e+06    338.63
3.26422e+06    319.64
3.27711e+06    363.61
3.28111e+06    393
3.30063e+06    313.4
3.31642e+06    336.95
3.33772e+06    326.31
3.37073e+06    329.94
3.38741e+06    346.94
3.40922e+06    318.97
3.4541e+06    324.36
3.47051e+06    369.41
3.49091e+06    357.8
3.51003e+06    345.3
3.56582e+06    367.12
3.57922e+06    321.34
3.58113e+06    377.27
3.58593e+06    350.9
3.59001e+06    327.61
3.61591e+06    387.3
3.63111e+06    348.97
3.63711e+06    380.8
3.66973e+06    375.59
3.67233e+06    366.86
3.69521e+06    399.11
3.7201e+06    388
3.73801e+06    380.62
3.75021e+06    379.14
3.7571e+06    379.62
3.76121e+06    362.99
3.7739e+06    361.47
3.782e+06    371.99
3.79161e+06    389.88
3.79740e+06    376
3.80172e+06    420.35
3.80731e+06    340.81
3.80902e+06    394.84
3.85103e+06    391.66
3.85992e+06    358.49
3.87421e+06    416.49
3.88021e+06    375
3.88982e+06    356.47
3.89902e+06    407
3.9028e+06    358.9
3.91102e+06    385.89
3.91673e+06    378.18
3.93112e+06    437.24
3.94942e+06    391
3.99201e+06    412.15
3.99222e+06    388.87
4.0049e+06    390.18
4.01242e+06    423.68
4.04611e+06    373.69
4.07022e+06    419.98
4.11842e+06    417.96
4.12181e+06    420.11
4.15022e+06    418.49
4.1587e+06    416.31
4.16350e+06    419.71
4.16611e+06    436.2
4.16993e+06    415.83
4.17993e+06    416.96
4.18522e+06    411.81
4.19751e+06    419.95
4.19991e+06    420.75
4.20002e+06    436.76
4.20141e+06    414.99
4.20362e+06    385.09
4.20791e+06    423.87
4.22530e+06    399.17
4.22543e+06    428.23
4.23412e+06    523
4.23483e+06    431.89
4.23773e+06    400.39
4.23912e+06    430.58
4.25652e+06    401.15
4.28061e+06    449
4.2824e+06    432.76
4.29562e+06    380.16
4.30622e+06    435.95
4.3192e+06    422.5
4.32441e+06    452.64
4.32770e+06    432.43
4.35992e+06    447.7
4.36102e+06    438.47
4.36322e+06    463.98
4.36782e+06    423.46
4.37352e+06    547
4.38472e+06    456
4.38523e+06    448.7
4.3885e+06    452.03
4.40051e+06    428.01
4.41971e+06    423.37
4.42502e+06    446.53
4.46582e+06    446.89
4.46891e+06    459.02
4.46942e+06    493.97
4.47743e+06    462.5
4.47991e+06    429.55
4.48753e+06    526.64
4.48761e+06    458
4.49051e+06    442.45
4.5003e+06    453
4.50831e+06    455.82
4.5208e+06    440
4.52651e+06    447.98
4.53050e+06    446.84
4.54052e+06    436.05
4.55872e+06    454
4.56123e+06    422.42
4.5753e+06    448.72
4.58041e+06    441.93
4.59071e+06    450.78
4.62543e+06    449.98
4.63122e+06    438.35
4.64102e+06    463
4.70922e+06    425.56
4.73441e+06    474.62
4.74591e+06    479.59
4.74712e+06    470.83
4.7896e+06    474.5
4.79681e+06    473.35
4.82152e+06    498.38
4.90082e+06    515.69
4.94022e+06    527.91
4.98422e+06    502.15
4.9964e+06    457.49
5.01633e+06    506.61
5.02193e+06    438.8
5.067e+06    478.87
5.15773e+06    501.55
5.23042e+06    482.11
5.23962e+06    490
5.267e+06    531.97
5.27963e+06    572.7
5.30821e+06    572.72
5.3203e+06    567.88
5.47112e+06    795
5.50062e+06    523.88
5.63022e+06    611.05
5.63042e+06    585.79
5.67422e+06    570.92
5.6751e+06    673.28
5.67941e+06    583.72
5.71002e+06    577.52
5.71090e+06    603.95
5.7159e+06    571
5.72342e+06    608
5.72753e+06    621.3
5.72801e+06    591.69
5.74381e+06    665.85
5.77403e+06    599.99
5.77602e+06    581.98
5.77853e+06    571.5
5.82063e+06    577.77
5.83781e+06    574.32
5.85101e+06    590.74
5.8524e+06    567.48
5.8558e+06    595.76
5.85823e+06    499.6
5.86092e+06    567.34
5.88313e+06    577.34
5.88581e+06    585.02
5.90821e+06    549.98
5.91771e+06    586.01
5.93542e+06    588.25
5.94173e+06    598.98
5.95840e+06    588.5
5.95973e+06    585.5
5.99073e+06    603.85
6.0006e+06    650.49
6.0395e+06    612.98
6.04041e+06    615.33
6.07132e+06    608.66
6.07281e+06    614.74
6.08062e+06    593.48
6.08752e+06    594.08
6.08912e+06    607.04
6.11073e+06    585.21
6.11232e+06    563.01
6.13080e+06    607.18
6.14232e+06    679.02
6.14841e+06    614.77
6.14871e+06    634.02
6.15421e+06    621.65
6.20503e+06    595.9
6.21282e+06    625.8
6.2136e+06    662
6.21741e+06    608.82
6.25032e+06    572.28
6.25041e+06    634
6.25872e+06    627
6.27072e+06    620.43
6.27822e+06    653.25
6.29361e+06    641.01
6.29982e+06    563
6.31071e+06    624.97
6.32021e+06    629.33
6.34072e+06    621.21
6.34122e+06    638.97
6.35022e+06    611.2
6.39072e+06    627.72
6.41042e+06    634.99
6.47481e+06    664.5
6.50561e+06    631
6.51553e+06    685.91
6.5192e+06    667.95
6.53353e+06    651.45
6.5476e+06    530.74
6.55443e+06    654.68
6.57041e+06    673.76
6.57171e+06    624.97
6.61541e+06    657.11
6.61553e+06    655.37
6.62061e+06    661.48
6.63262e+06    673.46
6.64072e+06    661.48
6.64522e+06    665
6.64572e+06    663.19
6.65063e+06    651.85
6.65912e+06    693.88
6.6802e+06    656.97
6.70312e+06    629.96
6.73311e+06    631.99
6.73532e+06    664
6.73831e+06    647.41
6.75121e+06    670.29
6.79143e+06    715
6.80821e+06    675.1
6.83801e+06    709.96
6.85422e+06    614.11
6.86013e+06    697.01
6.90122e+06    685.3
6.93942e+06    751.96
6.9712e+06    683.69
7.02392e+06    711.73
7.06031e+06    978.76
7.10071e+06    721.5
7.11842e+06    748.98
7.15123e+06    732
7.21611e+06    702.28
7.27423e+06    742.05
7.3201e+06    807.39
7.35753e+06    727.31
7.37082e+06    735.64
7.4217e+06    762.97
7.47583e+06    800
7.49092e+06    736.97
7.52022e+06    664.46
7.59111e+06    769.08
7.63091e+06    758.99
7.69201e+06    777.99
7.76002e+06    788.67
7.78112e+06    775.88
7.80033e+06    747.57
7.80931e+06    819.55
7.81021e+06    680.8
7.88792e+06    834.97
7.95112e+06    814.56
8.0002e+06    814.34
8.07401e+06    915.69
8.11212e+06    824.78
8.14360e+06    781
8.14673e+06    1014.1
8.19562e+06    906.6
8.24792e+06    780.02
8.26291e+06    844.04
8.35092e+06    892.6
8.41842e+06    811.2
8.44052e+06    841.83
8.85122e+06    690
8.92723e+06    930.34
8.95652e+06    919.97
9.06612e+06    895.64
9.10501e+06    780.92
9.1221e+06    983.42
9.15063e+06    912.19
9.15701e+06    826.28
9.19983e+06    915.05
9.27963e+06    1041.04
9.30463e+06    958.12
9.5513e+06    1136.9
9.5813e+06    1013.42
9.67722e+06    1113
9.78881e+06    885
9.8344e+06    1034.07
9.97611e+06    1001.2
9.99661e+06    910.49
1.00122e+07    1035.2
1.01343e+07    999.65
1.01422e+07    955.01
1.03409e+07    1052.84
1.03478e+07    1079.99
1.03522e+07    1050.87
1.04107e+07    1034.74
1.05089e+07    1130.01
1.05286e+07    997.59
1.08003e+07    1133.53
1.11303e+07    927.93
1.13003e+07    1150.37
1.13357e+07    1184.03
1.13702e+07    705.91
1.15039e+07    1190.89
1.1704e+07    1176.97
1.17701e+07    1236.63
1.18407e+07    1219.09
1.19092e+07    1287
1.19212e+07    1227.68
1.21913e+07    1170.36
1.22771e+07    1257
1.23667e+07    1240.84
1.24088e+07    1288.02
1.25703e+07    967.69
1.27953e+07    1192.09
1.28703e+07    1279.5
1.28806e+07    1333
1.33305e+07    1447.55
1.4476e+07    1518.75
1.5188e+07    1651.1
1.65115e+07    1829
1.78005e+07    1783.98
1.78403e+07    2008.84
1.82905e+07    1780
1.91103e+07    2265.21
2.00889e+07    2256.32
2.00901e+07    0
2.25637e+07    2279.82
2.26528e+07    2825.51
2.27987e+07    2290.02
2.29008e+07    2409.93
2.32716e+07    2338.49
2.33856e+07    1910.96
2.40999e+07    2529.53
2.42133e+07    2598.89
2.478e+07    2600
2.50209e+07    2558.3
2.50293e+07    2327.09
2.52959e+07    2683.03
2.55837e+07    2421.26
2.56437e+07    2784.8
2.59896e+07    2502.86
2.60006e+07    2713.48
2.68309e+07    2898.63
2.70606e+07    2477.94
2.71354e+07    2502.03
2.78488e+07    2862.9
2.79008e+07    3210.2
2.82558e+07    2564.3
2.86298e+07    2790
2.89869e+07    2706
3.21028e+07    3340.28
3.21652e+07    3678.53
3.24254e+07    3556.54
3.34036e+07    3868.52
3.40572e+07    3664.38
3.4074e+07    3242.42
3.44483e+07    3456.02
3.44859e+07    3444.81
3.45378e+07    3407.28
3.45604e+07    3405.7
3.53197e+07    3621.43
3.55666e+07    4135.19
3.5778e+07    3448.58
3.58736e+07    3577.79
3.60822e+07    3910.8
3.62144e+07    3703.98
3.63244e+07    3608.2
3.64626e+07    3531.96
3.6644e+07    3632.42
3.67862e+07    3894.48
3.70399e+07    3587.35
3.7451e+07    3453.66
3.76691e+07    3833.23
3.77037e+07    3855.88
3.77771e+07    3881
3.79346e+07    4278.77
3.83147e+07    3872.25
3.83326e+07    3831.44
3.84833e+07    3770.36
3.85589e+07    3856.62
3.85663e+07    4032.25
3.8686e+07    4179.97
3.87228e+07    3875.96
3.87599e+07    3881.09
3.88109e+07    4164.27
3.88112e+07    3885.21
3.88524e+07    3994.92
3.89457e+07    3777.62
3.91082e+07    3944.88
3.9449e+07    3766.89
3.94777e+07    4115.55
3.98636e+07    4331.77
3.99495e+07    4056.4
3.99529e+07    3848.21
4.01195e+07    3947.74
4.03226e+07    3646.25
4.05643e+07    4011.92
4.10479e+07    3986.28
4.11559e+07    4152.53
4.13531e+07    3995.17
4.14072e+07    3744.98
4.15257e+07    4911.24
4.16437e+07    4394.07
4.18005e+07    4104.71
4.19868e+07    3216.43
4.27889e+07    4140.6
4.31235e+07    4198.59
4.31868e+07    4605.66
4.33185e+07    4339.05
4.33913e+07    4582.52
4.35309e+07    3793.35
4.38511e+07    4312.26
4.39417e+07    4318.58
4.49209e+07    4352.98
4.58261e+07    4585.57
4.58566e+07    4385.02
4.60576e+07    4822.17
4.82227e+07    5825.99
4.91128e+07    5189.39
5.06466e+07    5196.65
5.16629e+07    5357.61
5.18943e+07    5310.18
5.19565e+07    5301.29
5.19669e+07    5277.04
5.27708e+07    5377.19
5.30134e+07    5326.67
5.31022e+07    5064.62
5.32672e+07    5771.08
5.35764e+07    6226.44
5.37723e+07    5195.61
5.57255e+07    4491.98
5.59476e+07    5986.44
5.75577e+07    6348.02
5.75688e+07    5572.44
5.77113e+07    5755.72
5.82609e+07    5594.66
5.88545e+07    6652.87
5.88992e+07    6136.49
5.90069e+07    5889.82
5.98654e+07    5900.59
6.09752e+07    6223.28
6.1366e+07    6751.98
6.13904e+07    6252.13
6.17052e+07    6097.46
6.22335e+07    6626.44
6.22647e+07    6502.16
6.24107e+07    6326.04
6.2471e+07    6599.17
6.24891e+07    7321.62
6.25221e+07    6312.75
6.30172e+07    6390.42
6.31283e+07    6486.58
6.32613e+07    6522.39
6.34248e+07    6756.12
6.34807e+07    7823.11
6.35465e+07    6738.27
6.39053e+07    6437.76
6.40325e+07    6248.84
6.40864e+07    5756.77
6.43787e+07    6444.97
6.44508e+07    6408.53
6.44585e+07    6760.83
6.45731e+07    6301.61
6.48383e+07    6573.62
6.48666e+07    6354.57
6.48987e+07    6457.21
6.49374e+07    7868.77
6.50128e+07    6240.98
6.50219e+07    6763.75
6.50488e+07    6489.77
6.50971e+07    6504.78
6.52248e+07    6342.39
6.55558e+07    6724.04
6.56933e+07    6493.63
6.57372e+07    6626.85
6.58354e+07    6686.08
6.59927e+07    6509.61
6.61112e+07    6483.73
6.62651e+07    6555.51
6.62695e+07    6247
6.63472e+07    6784.41
6.63747e+07    6445.79
6.65291e+07    6871.69
6.68618e+07    6611.02
6.71831e+07    6138.96
6.72411e+07    6403.18
6.73835e+07    7078.19
6.75209e+07    7365.99
6.75621e+07    6583.45
6.76089e+07    6170.46
6.76378e+07    5885.41
6.78445e+07    7941.46
6.8577e+07    7112.27
6.87173e+07    7205.55
6.87328e+07    6857.66
6.87937e+07    6637.41
6.90751e+07    7523.83
6.92548e+07    8245.08
6.9376e+07    7426.48
6.94434e+07    7351.57
7.01136e+07    6718.23
7.01887e+07    7265.08
7.07828e+07    7018.78
7.11126e+07    7284.29
7.11231e+07    7130.04
7.12875e+07    6569.22
7.13008e+07    7130.99
7.13103e+07    7549.52
7.14332e+07    7250.69
7.18928e+07    7111.14
7.20559e+07    6873.24
7.21961e+07    6944.33
7.24405e+07    7219.6
7.25081e+07    7243.93
7.26517e+07    6501.19
7.28441e+07    7143.2
7.29689e+07    7547.19
7.32169e+07    7334.99
7.33506e+07    7715.1
7.33754e+07    7189.16
7.34461e+07    7386.72
7.35158e+07    8042.65
7.3661e+07    7128.64
7.38678e+07    7637.14
7.42652e+07    6634.68
7.52394e+07    7557.72
7.54731e+07    7337.42
7.54956e+07    7765.33
7.55784e+07    7296.77
7.57683e+07    7344.56
7.60778e+07    7011.28
7.6156e+07    6879.31
7.61718e+07    6907.4
7.61949e+07    7615.54
7.62598e+07    8071.45
7.6372e+07    7619.43
7.64067e+07    8173.06
7.71517e+07    7939.81
7.76538e+07    8824.66
7.80329e+07    7640.61
7.82316e+07    7885.96
7.86888e+07    8049.72
7.88601e+07    8193.7
7.93668e+07    5166.26
7.93988e+07    8220.91
7.9415e+07    8368.1
7.95065e+07    6937.56
7.96014e+07    8026.76
8.00261e+07    7960.04
8.0215e+07    8842.42
8.02686e+07    8666.79
8.03941e+07    7936.65
8.04266e+07    8021.49
8.04983e+07    8236.72
8.06804e+07    9471.64
8.0715e+07    8719.88
8.13498e+07    7803.23
8.15558e+07    8212.02
8.17312e+07    8859.47
8.176e+07    8930.6
8.1761e+07    7617.07
8.19375e+07    7625.93
8.21212e+07    8586.9
8.22099e+07    7607.7
8.2251e+07    8322.92
8.23683e+07    8768.8
8.23913e+07    8396.63
8.2451e+07    8068.02
8.28386e+07    8002.51
8.29792e+07    8605.64
8.32302e+07    8155.48
8.36814e+07    8175.96
8.38812e+07    8588.42
8.39668e+07    7576.78
8.43232e+07    8225
8.4578e+07    8175.99
8.45799e+07    7950.61
8.46357e+07    8471.06
8.47111e+07    8239.08
8.55387e+07    8134.92
8.587e+07    8283.76
8.58843e+07    9279.81
8.60567e+07    8725.37
8.62648e+07    8388.11
8.66689e+07    9218.76
8.71238e+07    8912.82
8.71994e+07    8553.81
8.7254e+07    8457.96
8.75451e+07    9305.93
8.76891e+07    9919
8.7774e+07    9153.54
8.80163e+07    8457.69
8.80952e+07    8801.52
8.82471e+07    8885.93
8.84243e+07    8900.34
8.85275e+07    6925.46
8.85953e+07    9076.18
8.88598e+07    10002.5
8.89971e+07    9569.21
8.90035e+07    8626.47
8.91285e+07    9067.39
8.9286e+07    9239.55
8.93064e+07    9658.11
9.0043e+07    9133.97
9.06742e+07    8039.38
9.07249e+07    9348.91
9.07624e+07    10209.4
9.13404e+07    9072.42
9.14809e+07    9206.16
9.15357e+07    8297.89
9.16216e+07    9807.54
9.16731e+07    8899.66
9.17478e+07    9392.66
9.19358e+07    9174.71
9.20627e+07    9343.34
9.21886e+07    9147.98
9.23811e+07    9295.9
9.2396e+07    9753.35
9.27664e+07    9004.23
9.27983e+07    9378.09
9.28484e+07    9276.58
9.29597e+07    9193.51
9.30598e+07    9385.7
9.30917e+07    8712.35
9.31042e+07    8463.52
9.34345e+07    8809.41
9.34898e+07    9238.04
9.37811e+07    9162.14
9.38009e+07    9284.78
9.38575e+07    9785.74
9.39273e+07    9551.28
9.42676e+07    9380.03
9.4509e+07    9658.04
9.46003e+07    9426.7
9.47166e+07    11085.8
9.47406e+07    9589.13
9.48464e+07    9769.79
9.55135e+07    11042.4
9.56927e+07    9450.84
9.58921e+07    10529.5
9.60474e+07    9669.63
9.63149e+07    9310.37
9.6581e+07    9670.43
9.65815e+07    8928.55
9.66965e+07    9309.15
9.67049e+07    9775.15
9.7534e+07    9631.44
9.76988e+07    10584.2
9.77224e+07    9473.99
9.77521e+07    9459.97
9.78579e+07    9167.26
9.80756e+07    9854.79
9.85481e+07    10242.4
9.91912e+07    10879.9
9.92049e+07    8777.37
9.93769e+07    9604.72
1.00025e+08    8754.46
1.0017e+08    10214.5
1.00331e+08    8432.23
1.00825e+08    8852.73
1.01011e+08    10363.9
1.01713e+08    10319.5
1.02094e+08    11017.5
1.02146e+08    10760.6
1.02425e+08    9937.67
1.02657e+08    10275.9
1.0276e+08    10033
1.03195e+08    10931.1
1.03309e+08    10948.4
1.03528e+08    10330.8
1.03604e+08    9484.55
1.0364e+08    10265.6
1.03678e+08    10352.7
1.04059e+08    10360.3
1.0468e+08    10367.7
1.04873e+08    10101
1.05296e+08    11788
1.05323e+08    10692.8
1.05843e+08    10487.2
1.05875e+08    9772.17
1.06193e+08    10673.5
1.06386e+08    10587.4
1.06709e+08    11302.7
1.06736e+08    10670.8
1.06924e+08    10619.2
1.06929e+08    10692.3
1.07378e+08    11984.8
1.07606e+08    10405.8
1.08736e+08    10638.6
1.088e+08    11591.2
1.09312e+08    11516.8
1.09485e+08    11081.4
1.10176e+08    11132.9
1.10425e+08    11114.9
1.10779e+08    11750.3
1.10815e+08    10532.2
1.10859e+08    11246
1.1115e+08    11077.8
1.11329e+08    10737.7
1.11748e+08    11513.4
1.12321e+08    12586.8
1.1246e+08    10171.3
1.13028e+08    11428.2
1.13277e+08    11758.2
1.1392e+08    11431.4
1.13925e+08    11774.4
1.14283e+08    11327.6
1.14314e+08    10082.5
1.14675e+08    11481.6
1.14817e+08    11923.2
1.15134e+08    11392
1.15169e+08    9920.46
1.15669e+08    10017
1.15913e+08    16860.9
1.16531e+08    11467.4
1.17504e+08    11767.6
1.17583e+08    12990.2
1.17677e+08    11392.4
1.17745e+08    12293.7
1.17881e+08    11996.4
1.1804e+08    10873.5
1.18659e+08    11653
1.19233e+08    10467.9
1.19848e+08    11232
1.19965e+08    11566.8
1.22938e+08    11865.8
1.25869e+08    11804
1.29904e+08    13036.8
1.30369e+08    13289
1.32891e+08    13810.3
1.35542e+08    11174.8
1.37411e+08    14214
1.37767e+08    13740.9
1.37912e+08    13554.1
1.3796e+08    15039.2
1.38104e+08    14023.3
1.40234e+08    15595.8
1.42141e+08    13796
1.44374e+08    13791.2
1.50393e+08    17156
1.50691e+08    16252.3
1.53286e+08    16295.6
1.55959e+08    15328.5
1.59683e+08    17798.5
1.62524e+08    19279.9
1.62957e+08    15968.2
1.6861e+08    15069
1.7139e+08    19709.7
1.7156e+08    14437.4
1.73831e+08    13776.6
1.77986e+08    18699.8
1.85543e+08    18803.4
1.86999e+08    19172.5
1.88036e+08    19439.8
1.91726e+08    17138.9
1.928e+08    17382.9
1.93778e+08    18554.2
1.94399e+08    23150.8
1.94547e+08    19377.7
1.97099e+08    19454.5
2.27456e+08    23715.5
2.31509e+08    22745.5
2.37157e+08    26246.6
2.62467e+08    28856.6
2.88566e+08    32195.5
3.0816e+08    32297.9
3.14213e+08    30815.9
3.16406e+08    34456.7
3.20998e+08    32541.8
3.21955e+08    34046.7
3.2298e+08    35365.2
3.24477e+08    31640.6
3.25418e+08    34314.3
3.26866e+08    31421.2
3.35149e+08    36704.6
3.35156e+08    32686.6
3.35229e+08    37002.1
3.3537e+08    35309.3
3.38391e+08    33515.6
3.40467e+08    40670.2
3.43143e+08    33522.9
3.44567e+08    33536.9
3.46477e+08    36662.6
3.47546e+08    39266
3.53094e+08    33839
3.53653e+08    40002.5
3.55242e+08    32447.6
3.5539e+08    32099.7
3.5545e+08    39158.5
3.5793e+08    35539
3.64809e+08    36678.8
3.66627e+08    36885.5
3.66788e+08    37146.8
3.67046e+08    39066.8
3.68856e+08    33514.9
3.69127e+08    41435.4
3.70021e+08    38928.1
3.71469e+08    37918.6
3.72915e+08    39103.9
3.78204e+08    41133.1
3.79186e+08    36912.7
3.80325e+08    39437.9
3.81381e+08    42825.9
3.83249e+08    35524.2
3.83823e+08    37291.5
3.89281e+08    44878.2
3.90669e+08    38324.9
3.91039e+08    44418.8
3.91413e+08    38032.5
3.91585e+08    35793
3.92661e+08    34647.7
3.94379e+08    37820.4
4.00026e+08    41659.1
4.05657e+08    38382.3
4.06703e+08    35544.9
4.07844e+08    34754.5
4.11331e+08    42222.3
4.14355e+08    44133.3
4.15225e+08    47727.1
4.16591e+08    38138
4.18645e+08    43926
4.22224e+08    42372.7
4.23727e+08    44334.3
4.23815e+08    36480.8
4.24013e+08    42580.9
4.2581e+08    40565.7
4.2826e+08    46333.5
4.29017e+08    44889
4.31206e+08    41864.4
4.31465e+08    42381.5
4.31827e+08    41522.4
4.35963e+08    40784.3
4.3926e+08    43146.5
4.41333e+08    42401.3
4.43344e+08    47115.9
4.44179e+08    47056.4
4.44189e+08    39141.2
4.47779e+08    48932
4.48782e+08    47185.2
4.48891e+08    43182.6
4.5114e+08    50477.7
4.51449e+08    47072.1
4.60785e+08    45144.8
4.62496e+08    46442
4.63335e+08    44417.8
4.6442e+08    43120.6
4.66894e+08    48628.3
4.67572e+08    47658.4
4.68004e+08    45113.9
4.70565e+08    44777.9
4.70722e+08    47263.6
4.70749e+08    49329
4.71376e+08    46757.1
4.71852e+08    49160.1
4.72637e+08    42901.6
4.76014e+08    46249.6
4.76585e+08    46689.3
4.77272e+08    51505.8
4.77447e+08    49056.9
4.86285e+08    50470.9
4.88816e+08    54881.5
4.89321e+08    47744.6
4.90569e+08    47074.8
4.91601e+08    55916.5
4.9254e+08    50645.4
4.93291e+08    51769.1
4.99226e+08    43596.2
5.0471e+08    47601.3
5.04777e+08    48881.6
5.06455e+08    47137.5
5.11532e+08    54056.6
5.15059e+08    53867.3
5.17692e+08    46078.4
5.25083e+08    55863.9
5.35842e+08    56610.5
5.38674e+08    57452
5.40567e+08    53584.2
5.41234e+08    46800.4
5.48816e+08    57253.3
5.57548e+08    57665.9
5.5864e+08    58730.1
5.59165e+08    54123.4
5.63016e+08    58935.4
5.6508e+08    51153.1
5.66105e+08    57473.2
5.67501e+08    49922.5
5.72299e+08    49253.9
5.72533e+08    55754.7
5.72924e+08    57229.8
5.73978e+08    61546.2
5.74112e+08    52508.2
5.74521e+08    57397.7
5.74733e+08    58928.8
5.76659e+08    57411.2
5.80486e+08    59964.9
5.81331e+08    56301.5
5.87302e+08    59031.3
5.89289e+08    56750
5.89356e+08    57292.3
5.90314e+08    59054.1
5.90541e+08    58048.6
5.99649e+08    62969.1
6.00871e+08    56507.9
6.01724e+08    58133
6.03453e+08    62249.2
6.10296e+08    61441.8
6.12774e+08    60345.2
6.14419e+08    63293.2
6.15463e+08    66063.6
6.22493e+08    61029.5
6.29692e+08    60087.1
6.32933e+08    64976.7
6.44211e+08    60172.3
6.49768e+08    64420.9
6.60637e+08    61277.3
